# Matrix X
1.000000 0.500000 0.250000 0.125000 0.062500 0.031250 0.015625 
1.000000 0.200000 0.040000 0.008000 0.001600 0.000320 0.000064 
1.000000 1.200000 1.440000 1.728000 2.073600 2.488320 2.985984 
1.000000 2.900000 8.410000 24.389000 70.728100 205.111490 594.823321 
1.000000 3.400000 11.560000 39.304000 133.633600 454.354240 1544.804416 
1.000000 2.400000 5.760000 13.824000 33.177600 79.626240 191.102976 
1.000000 4.400000 19.360000 85.184000 374.809600 1649.162240 7256.313856 
1.000000 4.500000 20.250000 91.125000 410.062500 1845.281250 8303.765625 
1.000000 4.900000 24.010000 117.649000 576.480100 2824.752490 13841.287201 
1.000000 3.300000 10.890000 35.937000 118.592100 391.353930 1291.467969 

# Matrix X^T X
10.000000 27.700000 101.970000 409.273000 1719.621300 7452.161770 33026.567037 
27.700000 101.970000 409.273000 1719.621300 7452.161770 33026.567037 148818.438655 
101.970000 409.273000 1719.621300 7452.161770 33026.567037 148818.438655 678992.342083 
409.273000 1719.621300 7452.161770 33026.567037 148818.438655 678992.342083 3127498.672417 
1719.621300 7452.161770 33026.567037 148818.438655 678992.342083 3127498.672417 14512038.543277 
7452.161770 33026.567037 148818.438655 678992.342083 3127498.672417 14512038.543277 67732371.152119 
33026.567037 148818.438655 678992.342083 3127498.672417 14512038.543277 67732371.152119 317632499.957908 

# Vector X^T y
64.200000
202.910000
773.963000
3156.550700
13391.743790
58404.717011
259935.897116

# Matrix L (Cholesky factor of X^T X)
3.162278 0.0 0.0 0.0 0.0 0.0 0.0 
8.759509 5.024042 0.0 0.0 0.0 0.0 0.0 
32.245745 25.241846 6.533178 0.0 0.0 0.0 0.0 
129.423486 116.626228 51.268111 6.784688 0.0 0.0 0.0 
543.792002 535.188731 303.441456 68.546818 8.957628 0.0 0.0 
2356.580469 2464.963161 1623.792326 481.578786 117.436679 10.613064 0.0 
10443.917513 11412.095224 8289.700126 2927.706354 1001.530335 165.427909 12.143240 
