# Matrix X
1.000000 0.500000 0.250000 
1.000000 0.200000 0.040000 
1.000000 1.200000 1.440000 
1.000000 2.900000 8.410000 
1.000000 3.400000 11.560000 
1.000000 2.400000 5.760000 
1.000000 4.400000 19.360000 
1.000000 4.500000 20.250000 
1.000000 4.900000 24.010000 
1.000000 3.300000 10.890000 

# Matrix X^T X
10.000000 27.700000 101.970000 
27.700000 101.970000 409.273000 
101.970000 409.273000 1719.621300 

# Vector X^T y
64.200000
202.910000
773.963000

# Matrix L (Cholesky factor of X^T X)
3.162278 0.0 0.0 
8.759509 5.024042 0.0 
32.245745 25.241846 6.533178 
